det-desc/Image|1|2|3|4|5|6|7|8|9|10|11|12|13|14|15|16|17|18|
---|---:|---:|---:|---:|---:|---:|---:|---:|---:|---:|---:|---:|---:|---:|---:|---:|---:|---:|---:|---:|
HARRIS-BRIEF | nan | nan | 10.9782 | 19.4967 | 11.5723 | 14.2744 | 10.0433 | nan | 11.7414 | nan | 13.4327 | 5.6061 | -14.7808 | 6.71705 | 12.5848 | -inf |
HARRIS-ORB | nan | 10.586 | nan | 10.9782 | 35.3833 | 11.5857 | 13.497 | 10.0433 | nan | nan | 11.7414 | nan | 5.66097 | -14.7808 | 6.6376 | 12.7384 | -inf |
HARRIS-FREAK | nan | nan | 10.9782 | 39.584 | nan | 12.9162 | nan | -inf | 12.245 | nan | nan | -inf | 6.71705 | nan |
HARRIS-AKAZE | - | - | - | - | - | - | - | - | - | - | - | - | - | - | - | - | - | - |
HARRIS-SIFT | nan | 11.0081 | -11.4731 | 10.9782 | 13.3698 | 15.2483 | -inf | 10.0433 | 3.30058 | nan | 11.7414 | nan | 568.322 | 5.6061 | -13.6263 | 6.71705 | 12.7384 | -inf |
FAST-BRIEF | 13.2947 | 11.6079 | 16.8548 | 13.1218 | 13.5942 | 13.5046 | 13.192 | 13.1535 | 10.1573 | 12.8765 | 11.8065 | 11.5078 | 10.8982 | 10.6452 | 11.2648 | 10.3224 | 10.657 | 11.8703 |
FAST-ORB | 11.1736 | 12.2632 | 12.04 | 12.7732 | 13.1975 | 10.9159 | 14.2429 | 12.694 | 12.3713 | 13.426 | 11.8844 | 10.7351 | 11.7063 | 10.6938 | 10.3823 | 11.0187 | 10.5836 | 11.3381 |
FAST-FREAK | 11.8818 | 12.3656 | 13.0529 | 13.4882 | 12.2988 | 11.9523 | 12.7024 | 12.4947 | 12.3431 | 12.7008 | 12.1065 | 12.2033 | 11.612 | 11.1224 | 10.5354 | 10.7863 | 10.2088 | 11.5273 |
FAST-AKAZE | - | - | - | - | - | - | - | - | - | - | - | - | - | - | - | - | - | - |
FAST-SIFT | 13.1432 | 11.2578 | 16.9587 | 14.4249 | 14.7169 | 11.7847 | 11.3522 | 13.2384 | 10.4038 | 14.3446 | 11.7095 | 10.608 | 10.1089 | 10.5264 | 9.76366 | 10.3688 | 10.5823 | 11.1408 |
BRISK-BRIEF | 13.8109 | 19.5623 | 14.4688 | 25.8379 | 17.0557 | 19.9254 | 17.5726 | 18.4531 | 16.7517 | 15.9407 | 14.8279 | 15.6771 | 13.4222 | 12.7265 | 11.2161 | 13.2538 | 11.4147 | 13.6603 |
BRISK-ORB | 14.68 | 20.0407 | 14.0968 | 16.3706 | 19.4029 | 20.629 | 18.0087 | 16.0691 | 15.0829 | 11.4555 | 13.9703 | 13.1293 | 11.5189 | 12.1556 | 11.4651 | 11.8503 | 9.98468 | 11.4493 |
BRISK-FREAK | 12.3483 | 19.5646 | 13.9129 | 13.6652 | 24.3184 | 16.0852 | 15.4463 | 18.0417 | 15.684 | 13.9976 | 13.2506 | 11.7044 | 12.8265 | 11.4007 | 15.1331 | 10.1962 | 9.19943 | 10.6498 |
BRISK-AKAZE | - | - | - | - | - | - | - | - | - | - | - | - | - | - | - | - | - | - |
BRISK-SIFT | 13.1695 | 16.1568 | 16.3625 | 12.0195 | 29.9894 | 13.9525 | 13.3823 | 15.5727 | 15.4538 | 14.2623 | 14.8692 | 10.7423 | 13.6485 | 10.5455 | 13.8918 | 10.9065 | 11.0174 | 11.2224 |
ORB-BRIEF | 16.4544 | -inf | 123.51 | 13.5607 | 30.4194 | -inf | 34.6298 | -inf | 23.2694 | 26.0553 | 22.5603 | 9.84171 | 9.87855 | 8.34236 | 10.4827 | 12.1222 | 13.3681 |
ORB-ORB | 14.596 | 10.1192 | 10.3668 | 27.1889 | -inf | 18.4549 | -inf | 12.899 | -inf | -inf | 8.67701 | -inf | -inf | -inf | 28.2728 | 17.1863 | 12.8853 | 50.0669 |
ORB-FREAK | 10.126 | 10.7796 | 10.8706 | -inf | 12.8725 | -inf | 9.02151 | 13.3992 | -545.044 | 8.29125 | 35.8486 | 6.16034 | 68.7263 | 8.58 | 9.04474 | 7.02786 | 8.73235 |
ORB-AKAZE | - | - | - | - | - | - | - | - | - | - | - | - | - | - | - | - | - | - |
ORB-SIFT | 14.8587 | 12.8191 | 15.4791 | 229.406 | 520.246 | 19.89 | 107.431 | 9.45873 | 13.8513 | 15.5532 | 8.32267 | -inf | 6.28472 | 13.7643 | 30.6161 | 9.49931 | 18.702 | 18.5157 |
AKAZE-BRIEF | 15.285 | 15.0455 | 14.9454 | 13.8482 | 15.0557 | 14.674 | 18.7347 | 17.0444 | 11.5709 | 13.8297 | 14.7742 | 10.0979 | 11.0015 | 11.7101 | 10.1205 | 9.84075 | 9.38664 |
AKAZE-ORB | 13.4119 | 17.1571 | 14.8727 | 16.0514 | 15.8082 | 17.2659 | 17.8051 | 17.443 | 18.0308 | 11.5597 | 13.2721 | 11.4861 | 11.3724 | 10.3482 | 10.2055 | 9.64969 | 9.91183 | 10.1105 |
AKAZE-FREAK | 12.3081 | 14.0642 | 15.4958 | 14.1762 | 16.2229 | 14.4455 | 15.372 | 17.5441 | 18.5036 | 11.8941 | 12.162 | 11.7755 | 10.7833 | 9.87627 | 9.73035 | 11.4632 | 9.15851 | 8.84385 |
AKAZE-AKAZE | 12.3168 | 16.0654 | 13.1854 | 14.2488 | 16.4623 | 13.8408 | 15.3277 | 15.6833 | 14.8872 | 12.2822 | 12.5177 | 11.2554 | 11.0846 | 11.3418 | 10.7774 | 10.5414 | 9.69719 | 9.70325 |
AKAZE-SIFT | 12.3917 | 16.5203 | 13.8031 | 15.534 | 16.3913 | 19.0719 | 15.4699 | 15.2625 | 14.052 | 11.7553 | 12.2834 | 11.192 | 11.779 | 11.5142 | 11.9258 | 10.0291 | 10.55 | 9.70325 |
SIFT-BRIEF | 12.2521 | 13.0807 | 15.0877 | 22.8595 | 13.2197 | 11.9659 | 15.7349 | 15.4797 | 12.7456 | 10.3112 | 12.033 | 10.1382 | 10.0226 | 10.3392 | 10.0867 | 8.93159 | 9.13383 | 9.60673 |
SIFT-ORB | - | - | - | - | - | - | - | - | - | - | - | - | - | - | - | - | - | - |
SIFT-FREAK | 11.2638 | 13.616 | 13.5454 | 20.5163 | 15.1633 | 11.9744 | 14.4148 | 13.1874 | 13.5536 | 11.3849 | 12.7472 | 11.0597 | 10.0661 | 9.77994 | 8.98705 | 8.72439 | 9.28324 | 9.40822 |
SIFT-AKAZE | - | - | - | - | - | - | - | - | - | - | - | - | - | - | - | - | - | - |
SIFT-SIFT | 11.3868 | 12.5726 | 12.8458 | 19.5915 | 12.598 | 11.2969 | 13.5735 | 14.6937 | 11.3792 | 11.2887 | 11.4078 | 10.0081 | 10.5754 | 10.0732 | 9.05267 | 8.69186 | 8.9237 |

